1437131560
1437131560
1437131560
1437131560
1437131560
1437131560
1437131560
1437131560
1437131560
1437131560
1437131560
1437131560
1437131560
1437131561
1437131561
1437132958
1437132959
1437132966
1437132978
1437132979
1437132987
1437132994
1437133000
1437133008
1437133012
1437133020
1437133026
1437133033
1437133037
1437133037
1437133043
1437133044
1437133048
1437133052
1437133057
1437133076
1437133088
1437133091
1437133096
1437133097
1437133117
1437133117
1437133118
1437133121
1437133133
1437133133
1437133143
1437133151
1437133163
1437133167
1437133169
1437133171
1437133178
1437133181
1437133182
1437133184
1437133184
1437133185
1437133190
1437133193
1437133197
1437133199
1437133203
1437133211
1437133213
1437133233
1437133247
1437133258
1437133258
1437133262
1437133267
1437133293
1437133295
1437133299
1437133306
1437133311
1437133312
1437133323
1437133330
1437133333
1437133338
1437133338
1437133338
1437133355
1437133360
1437133365
1437133373
1437133378
1437133378
1437133383
1437133384
1437133392
1437133395
1437133399
1437133407
1437133408
1437133409
1437133415
1437133416
1437133420
1437133420
1437133427
1437133429
1437133433
1437133445
1437133447
1437133448
1437133448
1437133448
1437133455
1437133457
1437133458
1437133466
1437133468
1437133469
1437133475
1437133475
1437133478
1437133480
1437133488
1437133489
1437133497
1437133500
1437133509
1437133521
1437133521
1437133528
1437133531
1437133536
1437133539
1437133547
1437133560
1437133566
1437133573
1437133578
1437133586
1437133603
1437133613
1437133617
1437133621
1437133624
1437133628
1437133632
1437133633
1437133636
1437133638
1437133644
1437133652
1437133656
1437133657
1437133661
1437133662
1437133665
1437133667
1437133675
1437133677
1437133693
1437133708
1437133710
1437133718
1437133721
1437133722
1437133725
1437133728
1437133734
1437133737
1437133746
1437133753
1437133764
1437133772
1437133776
1437133779
1437133783
1437133785
1437133786
1437133796
1437133800
1437133804
1437133806
1437133808
1437133809
1437133811
1437133814
1437133816
1437133818
1437133818
1437133823
1437133833
1437133837
1437133846
1437133851
1437133857
1437133858
1437133860
1437133862
1437133864
1437133870
1437133880
1437133900
1437133907
1437133911
