1437134129
1437134129
1437134129
1437134129
1437134130
1437134130
1437134130
1437134130
1437134130
1437134130
1437134130
1437134130
1437134130
1437134130
1437326009
1437326016
1437326020
1437326022
1437326023
1437326026
1437326027
1437326028
1437326035
1437326044
1437326046
1437326047
1437326053
1437326057
1437326061
1437326064
1437326065
1437326075
1437326080
1437326084
1437326086
1437326088
1437326089
1437326092
1437326092
1437326107
1437326112
1437326113
1437326114
1437326114
1437326115
1437326125
1437326126
1437326129
1437326133
1437326134
1437326140
1437326152
1437326155
1437326157
1437326157
1437326159
1437326164
1437326166
1437326167
1437326168
1437326169
1437326173
1437326174
1437326177
1437326179
1437326180
1437326181
1437326182
1437326184
1437326185
1437326187
1437326187
1437326191
1437326193
1437326199
1437326200
1437326205
1437326205
1437326210
1437326210
1437326220
1437326223
1437326232
1437326235
1437326235
1437326237
1437326243
1437326246
1437326247
1437326248
1437326249
1437326251
1437326252
1437326262
1437326265
1437326270
1437326270
1437326282
1437326286
1437326286
1437326295
1437326297
1437326310
1437326312
1437326322
1437326322
1437326322
1437326323
1437326324
1437326325
1437326325
1437326326
1437326327
1437326330
1437326331
1437326334
1437326335
1437326343
1437326348
1437326350
1437326351
1437326354
1437326357
1437326359
1437326361
1437326362
1437326362
1437326365
1437326366
1437326366
1437326374
1437326379
1437326380
1437326384
1437326385
1437326386
1437326387
1437326398
1437326401
1437326409
1437326409
1437326414
1437326424
1437326425
1437326428
1437326432
1437326432
1437326435
1437326437
1437326438
1437326440
1437326441
1437326445
1437326447
1437326448
1437326454
1437326462
1437326466
1437326478
1437326485
1437326486
1437326488
1437326490
1437326491
1437326496
1437326497
1437326500
1437326504
1437326505
1437326509
1437326517
1437326520
1437326525
1437326527
1437326535
1437326544
1437326554
1437326560
1437326563
1437326564
1437326566
1437326566
1437326578
1437326578
1437326580
1437326581
1437326581
1437326587
1437326590
1437326599
1437326610
1437326616
1437326625
1437326627
1437326628
1437326633
1437326638
1437326649
1437326653
1437326657
1437326657
1437326659
1437326661
1437326663
1437326671
1437326673
1437326673
1437326675
1437326675
1437326679
1437326680
1437326681
1437326687
1437326687
1437326692
1437326696
1437326700
1437326701
1437326705
1437326705
1437326708
1437326709
1437326711
1437326712
1437326716
1437326717
1437326718
1437326721
1437326723
1437326724
1437326726
1437326727
1437326728
1437326728
1437326729
1437326730
1437326739
1437326742
1437326744
1437326745
1437326752
1437326752
1437326756
1437326761
1437326762
1437326764
1437326765
1437326767
1437326768
1437326770
1437326775
1437326778
1437326779
1437326781
1437326789
1437326792
1437326800
1437326802
1437326804
1437326807
1437326807
1437326811
1437326818
1437326821
1437326822
1437326828
1437326828
1437326835
1437326843
1437326847
1437326854
1437326855
1437326856
1437326857
1437326862
1437326873
1437326883
1437326884
1437326891
1437326894
1437326896
1437326899
1437326902
1437326903
1437326906
1437326907
1437326912
1437326915
1437326915
1437326916
1437326919
1437326921
1437326928
1437326929
1437326931
1437326937
1437326943
1437326944
1437326944
1437326947
1437326953
1437326953
1437326956
1437326962
1437326968
1437326968
1437326973
1437326973
1437326973
1437326974
1437326985
1437326989
1437326989
1437326991
1437326993
1437327004
1437327004
1437327007
1437327017
1437327020
1437327021
1437327025
1437327026
1437327026
1437327040
1437327041
1437327050
1437327051
1437327052
1437327055
1437327058
1437327060
1437327060
1437327062
1437327064
1437327064
1437327068
1437327069
1437327069
1437327080
1437327081
1437327081
1437327082
1437327089
1437327091
1437327091
1437327091
1437327103
1437327114
1437327126
1437327126
1437327141
1437327143
1437327145
1437327145
1437327147
1437327149
1437327150
1437327151
1437327154
1437327164
1437327166
1437327167
1437327169
1437327175
1437327177
1437327183
1437327184
1437327185
1437327187
1437327191
1437327191
1437327192
1437327204
1437327205
1437327206
1437327215
1437327215
1437327216
1437327216
1437327219
1437327223
1437327225
1437327226
1437327227
1437327228
1437327242
1437327243
1437327257
1437327259
1437327265
1437327266
1437327271
1437327272
1437327273
1437327274
1437327275
1437327276
1437327278
1437327283
1437327292
1437327297
1437327300
1437327301
1437327302
1437327312
1437327312
1437327315
1437327320
1437327325
1437327330
1437327334
1437327334
1437327338
1437327340
1437327342
1437327345
1437327352
1437327355
1437327355
1437327356
1437327356
1437327360
1437327364
1437327373
1437327376
1437327377
1437327379
1437327387
1437327392
1437327395
1437327395
1437327395
1437327396
1437327397
1437327405
1437327405
1437327408
1437327408
1437327409
1437327410
1437327413
1437327415
1437327418
1437327421
1437327421
1437327438
1437327439
1437327439
1437327439
1437327440
1437327441
1437327443
1437327453
1437327457
1437327458
1437327466
1437327466
1437327468
1437327468
1437327472
1437327479
1437327483
1437327485
1437327486
1437327488
1437327488
1437327490
1437327492
1437327495
1437327500
1437327500
1437327500
1437327501
1437327510
1437327523
1437327531
1437327531
1437327534
1437327541
1437327544
1437327548
1437327549
1437327550
1437327551
1437327559
1437327561
1437327563
1437327564
1437327574
1437327575
1437327576
1437327578
1437327580
1437327581
1437327583
1437327583
1437327586
1437327589
1437327592
1437327593
1437327596
1437327604
1437327605
1437327608
1437327609
1437327610
1437327613
1437327615
1437327616
1437327616
1437327617
1437327632
1437327634
1437327641
1437327644
1437327644
1437327645
1437327647
1437327648
1437327651
1437327659
1437327661
1437327661
1437327662
1437327663
1437327664
1437327667
1437327667
1437327669
1437327669
1437327669
1437327671
1437327671
1437327685
1437327688
1437327689
1437327690
1437327706
1437327712
1437327715
1437327715
1437327718
1437327719
1437327723
1437327725
1437327729
1437327731
1437327747
1437327748
1437327750
1437327750
1437327751
1437327752
1437327756
1437327760
1437327766
1437327769
1437327770
1437327774
1437327775
1437327777
1437327780
1437327781
1437327783
1437327784
1437327789
1437327803
1437327806
1437327808
1437327818
1437327822
1437327825
1437327827
1437327829
1437327840
1437327842
1437327844
1437327848
1437327850
1437327855
1437327859
1437327863
1437327863
1437327866
1437327866
1437327867
1437327868
1437327868
1437327869
1437327870
1437327872
1437327874
1437327882
1437327884
1437327888
1437327888
1437327888
1437327889
1437327889
1437327891
1437327895
1437327912
1437327920
1437327923
1437327923
1437327929
1437327935
1437327938
1437327939
1437327942
1437327942
1437327945
1437327946
1437327947
1437327953
1437327959
1437327961
1437327967
1437327969
1437327975
1437327985
1437327986
1437327990
1437327999
1437328007
1437328011
1437328014
1437328015
1437328019
1437328022
1437328024
1437328028
1437328045
1437328048
1437328053
1437328066
1437328067
1437328073
1437328074
1437328084
1437328085
1437328089
1437328090
1437328092
1437328101
1437328106
1437328108
1437328111
1437328111
1437328111
1437328114
1437328119
1437328121
1437328122
1437328124
1437328125
1437328127
1437328132
1437328132
1437328142
1437328144
1437328144
1437328144
1437328145
1437328154
1437328156
1437328157
1437328161
1437328164
1437328166
1437328167
1437328173
1437328175
1437328177
1437328181
1437328182
