1437133939
1437133939
1437133939
1437133939
1437133940
1437133940
1437133940
1437133940
1437133940
1437133940
1437133940
1437133940
1437133940
1437133943
1437133947
1437133954
1437133962
1437133970
1437133971
1437133973
1437133976
1437133984
1437133985
1437133992
1437133996
1437134001
1437134005
1437134015
1437134024
1437134028
1437134032
1437134047
1437134050
1437134050
1437134057
1437134058
1437134065
1437134070
1437134071
1437134071
1437134072
1437134073
1437134075
1437134081
1437134083
1437134088
1437134090
1437134093
1437134098
1437134099
