1437128572
1437128572
1437128572
1437128572
1437128572
1437128572
1437128572
1437128572
1437128572
1437128572
1437128572
1437128572
1437128572
1437128572
1437128576
1437130290
1437130296
1437130298
1437130303
1437130304
1437130304
1437130305
1437130307
1437130310
1437130312
1437130313
1437130316
1437130320
1437130326
1437130327
1437130338
1437130350
1437130353
1437130360
1437130363
1437130366
1437130384
1437130386
1437130387
1437130387
1437130395
1437130401
1437130410
1437130410
1437130415
1437130416
1437130423
1437130429
1437130429
1437130432
1437130435
1437130436
1437130437
1437130455
1437130460
1437130465
1437130467
1437130468
1437130470
1437130480
1437130483
1437130487
1437130488
1437130491
1437130492
1437130494
1437130495
1437130499
1437130502
1437130504
1437130529
1437130530
1437130537
1437130539
1437130543
1437130544
1437130548
1437130556
1437130557
1437130565
1437130570
1437130570
1437130574
1437130577
1437130578
1437130585
1437130589
1437130591
1437130594
1437130608
1437130627
1437130643
1437130645
1437130646
1437130647
1437130650
1437130652
1437130662
1437130664
1437130667
1437130668
1437130670
1437130671
1437130682
1437130687
1437130701
1437130705
1437130717
1437130719
1437130723
1437130725
1437130731
1437130732
1437130740
1437130741
1437130748
1437130759
1437130761
1437130766
1437130769
1437130775
1437130781
1437130785
1437130815
1437130822
1437130829
1437130830
1437130830
1437130836
1437130838
1437130845
1437130846
1437130848
1437130852
1437130855
1437130861
1437130865
1437130866
1437130871
1437130876
1437130886
1437130888
1437130892
1437130892
1437130898
1437130900
1437130913
1437130923
1437130924
1437130925
1437130933
1437130944
1437130946
1437130948
1437130957
1437130965
1437130975
1437130977
1437130981
1437130985
1437130997
1437130999
1437131001
1437131009
1437131013
1437131014
1437131016
1437131016
1437131022
1437131031
1437131034
1437131056
1437131059
1437131075
1437131084
1437131095
1437131113
1437131117
1437131126
1437131126
1437131132
1437131148
1437131152
1437131152
1437131157
1437131159
1437131168
1437131172
1437131173
1437131173
1437131180
1437131183
1437131191
1437131191
1437131193
1437131199
1437131208
1437131225
1437131234
1437131268
1437131272
1437131291
1437131299
1437131303
1437131307
1437131314
1437131325
1437131329
1437131344
1437131346
1437131350
1437131351
1437131351
1437131358
1437131362
1437131367
1437131369
1437131380
1437131381
1437131393
1437131396
1437131398
1437131403
1437131408
1437131416
1437131426
1437131426
1437131435
1437131435
1437131443
1437131450
1437131452
1437131454
1437131458
1437131462
1437131475
1437131477
1437131477
1437131485
1437131493
1437131506
1437131519
1437131520
1437131526
