1437326243
1437326243
1437326243
1437326243
1437326243
1437326243
1437326243
1437326243
1437326243
1437326243
1437326243
1437326243
1437326243
1437328351
1437328352
1437328353
1437328354
1437328356
1437328363
1437328365
1437328368
1437328369
1437328369
1437328370
1437328374
1437328377
1437328378
1437328378
1437328387
1437328389
1437328390
1437328391
1437328394
1437328399
1437328418
1437328418
1437328433
1437328433
1437328435
1437328439
1437328445
1437328453
1437328463
1437328468
1437328468
1437328472
1437328473
1437328476
1437328476
1437328477
1437328478
1437328478
1437328493
1437328493
1437328494
1437328502
1437328506
1437328510
1437328514
1437328517
1437328519
1437328519
1437328519
1437328521
1437328535
1437328535
1437328543
1437328550
1437328553
1437328555
1437328558
1437328559
1437328571
1437328572
1437328575
1437328579
1437328589
1437328590
1437328591
1437328593
1437328596
1437328597
1437328598
1437328599
1437328604
1437328609
1437328612
1437328619
1437328622
1437328625
1437328625
1437328627
1437328629
1437328631
1437328634
1437328634
1437328635
1437328640
1437328640
1437328645
1437328653
1437328656
1437328661
1437328665
1437328668
1437328678
1437328679
1437328685
1437328697
1437328697
1437328700
1437328702
1437328706
1437328711
1437328716
1437328716
1437328717
1437328718
1437328724
1437328737
1437328737
1437328738
1437328741
1437328744
1437328758
1437328765
1437328767
1437328767
1437328768
1437328770
1437328771
1437328775
1437328802
1437328803
1437328803
1437328804
1437328807
1437328807
1437328809
1437328810
1437328815
1437328816
1437328822
1437328831
1437328835
1437328836
1437328847
1437328848
1437328850
1437328853
1437328862
1437328868
1437328872
1437328875
1437328886
1437328886
1437328892
1437328902
1437328902
1437328904
1437328908
1437328909
1437328910
1437328917
1437328919
1437328920
1437328932
1437328936
1437328952
1437328957
1437328962
1437328964
1437328971
1437328976
1437328977
1437328977
1437328979
1437328979
1437328988
1437328988
1437328988
1437328989
1437328991
1437329001
1437329002
1437329003
1437329004
1437329012
1437329013
1437329022
1437329038
1437329040
1437329041
1437329042
1437329042
1437329046
1437329048
1437329049
1437329065
1437329069
1437329074
1437329074
1437329082
1437329090
1437329099
1437329108
1437329108
1437329110
1437329110
1437329115
1437329122
1437329136
1437329137
1437329144
1437329151
1437329158
1437329158
1437329161
1437329165
1437329166
1437329174
1437329184
1437329189
1437329194
1437329198
1437329198
1437329198
1437329203
1437329206
1437329207
1437329212
1437329213
1437329216
1437329218
1437329219
1437329220
1437329224
1437329226
1437329232
1437329232
1437329238
1437329239
1437329245
1437329245
1437329252
1437329253
1437329253
1437329254
1437329257
1437329257
1437329264
1437329275
1437329275
1437329278
1437329280
1437329280
1437329282
1437329283
1437329293
1437329297
1437329300
1437329300
1437329302
1437329309
1437329312
1437329328
1437329330
1437329335
1437329336
1437329338
1437329338
1437329344
1437329347
1437329355
1437329362
1437329366
1437329367
1437329367
1437329368
1437329371
1437329374
1437329379
1437329379
1437329382
1437329383
1437329383
1437329387
1437329387
1437329388
1437329390
1437329390
1437329395
1437329396
1437329399
1437329405
1437329408
1437329411
1437329421
1437329427
1437329428
1437329428
1437329428
1437329433
1437329436
1437329436
1437329436
1437329447
1437329447
1437329463
1437329464
1437329470
1437329471
1437329474
1437329474
1437329478
1437329480
1437329486
1437329493
1437329498
1437329500
1437329505
1437329509
1437329517
1437329525
1437329527
1437329529
1437329533
1437329533
1437329541
1437329542
1437329546
1437329552
1437329554
1437329555
1437329558
1437329566
1437329567
1437329571
1437329572
1437329572
1437329572
1437329575
1437329577
1437329578
1437329587
1437329592
1437329599
1437329600
1437329604
1437329605
1437329613
1437329628
1437329630
1437329639
1437329639
1437329640
1437329643
1437329650
1437329658
1437329659
1437329664
1437329676
1437329678
1437329681
1437329682
1437329683
1437329684
1437329691
1437329693
1437329703
1437329707
1437329717
1437329722
1437329728
1437329730
1437329732
1437329733
1437329734
1437329740
1437329745
1437329745
1437329747
1437329759
1437329776
1437329783
1437329785
1437329787
1437329789
1437329795
1437329798
1437329799
1437329800
1437329802
1437329804
1437329807
1437329809
1437329814
1437329818
1437329822
1437329823
1437329823
1437329823
1437329829
1437329830
1437329831
1437329831
1437329836
1437329837
1437329838
1437329838
1437329839
1437329842
1437329842
1437329844
1437329844
1437329844
1437329845
1437329845
1437329845
1437329846
1437329846
1437329847
1437329847
1437329847
1437329848
1437329848
1437329849
1437329850
1437329850
1437329851
1437329852
1437329852
1437329852
1437329853
1437329853
1437329855
1437329855
1437329859
1437329859
1437329859
1437329862
1437329863
1437329865
1437329868
1437329869
1437329870
1437329871
1437329872
1437329877
1437329877
1437329878
1437329878
1437329879
1437329882
1437329883
1437329885
1437329885
1437329887
1437329887
1437329887
1437329888
1437329888
1437329889
1437329889
1437329891
1437329893
1437329893
1437329893
1437329894
1437329895
1437329896
1437329896
1437329896
1437329897
1437329899
1437329900
1437329901
1437329902
1437329905
1437329906
1437329911
1437329913
1437329914
1437329916
1437329917
1437329917
1437329917
1437329918
1437329919
1437329921
1437329921
1437329921
1437329921
1437329923
1437329928
1437329928
1437329929
1437329929
1437329932
1437329933
1437329934
1437329935
1437329937
1437329937
1437329938
1437329938
1437329939
1437329945
1437329945
1437329946
1437329947
1437329949
1437329950
1437329952
1437329953
1437329957
1437329957
1437329959
1437329959
1437329961
1437329964
1437329964
1437329964
1437329967
1437329967
1437329968
1437329968
1437329971
1437329977
1437329983
1437329983
1437329991
1437329994
1437329995
1437329999
1437330002
1437330002
1437330003
1437330003
1437330005
1437330009
1437330011
1437330013
1437330014
1437330015
1437330017
1437330019
1437330020
1437330021
1437330023
1437330023
1437330024
1437330029
1437330030
1437330032
1437330033
1437330033
1437330036
1437330037
1437330037
1437330040
1437330040
1437330042
1437330044
1437330045
1437330045
1437330050
1437330053
1437330055
1437330059
1437330059
1437330062
1437330063
1437330067
1437330068
1437330070
1437330070
1437330070
1437330072
1437330073
1437330075
1437330085
1437330085
1437330086
1437330089
1437330090
1437330090
1437330091
1437330091
1437330093
1437330094
1437330094
1437330095
1437330097
1437330098
1437330104
1437330106
1437330108
1437330110
1437330111
1437330114
1437330115
1437330115
1437330118
1437330118
1437330122
1437330122
1437330123
1437330126
1437330128
1437330136
1437330140
1437330144
1437330149
1437330149
1437330149
1437330151
1437330153
1437330155
1437330158
1437330162
1437330165
1437330166
1437330171
1437330173
1437330174
1437330180
1437330182
1437330183
1437330185
1437330187
1437330190
1437330191
1437330193
1437330195
1437330198
1437330199
1437330201
1437330202
1437330203
1437330208
1437330210
1437330213
1437330213
1437330219
1437330221
1437330223
1437330228
1437330229
1437330229
1437330230
1437330232
1437330233
1437330236
1437330243
1437330251
1437330252
1437330252
1437330256
1437330259
1437330262
1437330270
1437330271
1437330272
1437330281
1437330281
1437330285
1437330287
1437330289
1437330295
1437330301
1437330305
1437330310
1437330310
1437330325
1437330325
1437330326
1437330329
1437330330
1437330337
1437330340
1437330341
1437330348
1437330354
1437330366
1437330368
1437330374
1437330374
1437330380
1437330387
1437330389
1437330393
1437330397
1437330406
1437330409
1437330414
1437330415
1437330416
1437330430
1437330430
1437330433
1437330446
1437330446
1437330450
1437330453
1437330460
1437330462
1437330469
1437330472
1437330477
1437330487
1437330490
1437330492
1437330492
1437330498
1437330500
1437330501
1437330502
1437330503
1437330504
1437330507
1437330520
1437330521
1437330526
1437330527
1437330527
1437330529
1437330531
1437330532
1437330534
1437330537
1437330537
1437330540
1437330542
1437330544
1437330546
1437330547
1437330547
1437330547
1437330549
1437330549
1437330555
1437330568
1437330569
1437330570
1437330573
1437330575
1437330576
1437330579
1437330581
1437330583
1437330584
1437330588
1437330589
1437330592
1437330592
1437330599
1437330599
1437330600
1437330619
1437330626
1437330626
1437330629
1437330629
1437330630
1437330634
1437330634
1437330636
1437330642
1437330645
1437330649
1437330652
1437330653
1437330659
1437330663
